  Sistema IEEE30
   1   2 Barra    1   1060  0.
   2   1 Barra    2   1045  0. 50.0     -40.0 50.0      21.7 12.7
   3   0 Barra    3   1000  0.                           2.4  1.2
   4   0 Barra    4   1000  0.                           7.6  1.6
   5   1 Barra    5   1050  0. 24.0     -40.0 40.0      94.2 19.0
   6   0 Barra    6   1000  0.
   7   0 Barra    7   1000  0.                          22.8 10.9
   8   1 Barra    8   1010  0. 22.5     -40.0 40.0      30.0 30.0
   9   0 Barra    9   1000  0.
  10   0 Barra   10   1000  0.                           5.8  2.0 19.0
  11   1 Barra   11   1082  0. 10.0      -6.0 24.0
  12   0 Barra   12   1000  0.                          11.2  7.5
  13   1 Barra   13   1071  0. 12.0      -6.0 24.0
  14   0 Barra   14   1000  0.                           6.2  1.6
  15   0 Barra   15   1000  0.                           8.2  2.5
  16   0 Barra   16   1000  0.                           3.5  1.8
  17   0 Barra   17   1000  0.                           9.0  5.8
  18   0 Barra   18   1000  0.                           3.2  0.9
  19   0 Barra   19   1000  0.                           9.5  3.4
  20   0 Barra   20   1000  0.                           2.2  0.7
  21   0 Barra   21   1000  0.                          17.5 11.2
  22   0 Barra   22   1000  0.
  23   0 Barra   23   1000  0.                           3.2  1.6
  24   0 Barra   24   1000  0.                           8.7  6.7  4.3
  25   0 Barra   25   1000  0.
  26   0 Barra   26   1000  0.                           3.5  2.3
  27   0 Barra   27   1000  0.
  28   0 Barra   28   1000  0.
  29   0 Barra   29   1000  0.                           2.4  0.9
  30   0 Barra   30   1000  0.                          10.6  1.9
9999
   2       6       5.81 17.63 3.740
   1       2       1.92  5.75 5.280
   1       3       4.52 18.52 4.080
   2       4       5.70 17.37 3.680
   3       4       1.32  3.79 0.840
   2       5       4.72 19.83 4.180
   4       6       1.19  4.14 0.900
   5       7       4.60 11.60 2.040
   6       7       2.67  8.20 1.700
   6       8       1.20  4.20 0.900
   6       9       0.00 20.80        978  900 1100
   6      10       0.00 55.60        969  900 1100
   9      11       0.00 20.80       1000 1000 1000
   9      10       0.00 11.00       1000 1000 1000
   4      12       0.00 25.60        932  900 1100
  12      13       0.00 14.00       1000 1000 1000
  12      14      12.31 25.59
  12      15       6.62 13.04
  12      16       9.45 19.87
  14      15      22.10 19.97
  16      17       8.24 19.23
  15      18      10.70 21.85
  18      19       6.39 12.92
  19      20       3.40  6.80
  10      20       9.36 20.90
  10      17       3.24  8.45
  10      21       3.48  7.49
  10      22       7.27 14.99
  21      22       1.16  2.36
  15      23      10.00 20.20
  22      24      11.50 17.90
  23      24      13.20 27.00
  24      25      18.85 32.92
  25      26      25.44 38.00
  25      27      10.93 20.87
  28      27       0.00 39.60        968  900 1100
  28      27       0.00 39.60        968  900 1100
  28      27       0.00 39.60        968  900 1100
  27      29      21.98 41.53
  27      30      32.02 60.27
  29      30      23.99 45.33
   8      28       6.36 20.00 4.280
   6      28       1.69  5.99 1.300
9999
